acc=0.980700
prec=0.989985
rec=0.971225
f1=0.980515
